Some((
    red: 0.9637993,
    green: 0.4569888,
    blue: 1.0,
))